
segment1_segment11_x = 0
segment1_segment11_y = 0
segment1_segment11_z = 0
segment1_segment12_x = 2.22045e-016
segment1_segment12_y = -3.55271e-015
segment1_segment12_z = -171.537
