
segment1_segment11_x = 0
segment1_segment11_y = 0
segment1_segment11_z = 0
segment1_segment12_x = 1.11022e-016
segment1_segment12_y = 1.11022e-016
segment1_segment12_z = -181.219
segment1_segment13_x = 2.22045e-016
segment1_segment13_y = 119.875
segment1_segment13_z = -176.883
segment1_segment14_x = -0.257733
segment1_segment14_y = 119.113
segment1_segment14_z = -5.26611
